422 82 466 477 100 234 399 206 272 184 
323 174 357 310 223 445 294 202 130 476 
40 311 184 21 203 392 448 413 222 97 
271 73 380 256 35 436 403 289 193 17 
61 291 100 280 330 411 103 175 281 257 
454 87 265 54 212 202 119 283 181 183 
295 47 427 141 453 116 7 382 119 161 
180 176 173 492 455 307 200 299 197 370 
475 134 94 230 116 283 238 61 424 199 
499 308 67 361 339 264 83 296 44 180 
447 338 407 84 187 159 417 191 55 153 
141 270 273 298 86 380 477 388 275 418 
241 458 482 288 466 495 167 15 282 432 
120 286 31 500 446 208 312 3 354 280 
351 341 421 411 331 4 93 232 185 340 
186 37 87 248 306 151 196 402 390 488 
447 221 285 468 271 331 206 32 392 69 
170 469 432 459 327 494 173 104 217 213 
450 391 192 103 245 246 391 160 93 432 
328 373 262 382 352 466 103 387 406 108 
430 232 36 235 263 331 135 458 58 72 
285 456 426 442 172 247 37 248 313 92 
198 407 242 285 495 388 189 231 459 420 
195 37 363 329 470 146 470 289 160 183 
63 477 304 409 64 163 446 85 1 341 
359 495 274 377 299 457 233 75 348 460 
476 74 224 346 123 215 91 402 159 337 
402 270 288 362 48 411 320 19 95 454 
289 181 499 276 432 148 252 396 385 38 
385 21 381 17 142 59 5 475 430 167 
349 115 406 386 168 388 183 151 119 78 
366 449 234 309 175 445 206 286 36 434 
486 154 400 450 145 149 436 496 443 4 
312 300 200 395 267 323 136 262 58 86 
343 368 104 74 400 181 184 340 483 209 
339 155 386 382 269 251 6 359 62 282 
58 131 190 290 88 469 98 458 291 354 
69 313 90 137 284 81 91 424 231 94 
336 31 426 28 50 194 207 339 136 93 
129 380 297 75 254 9 113 421 194 397 
34 56 272 83 355 46 71 31 266 218 
394 83 247 70 244 487 325 195 156 139 
69 480 328 319 426 353 189 133 52 51 
103 274 77 401 211 419 333 465 107 487 
118 105 334 382 458 89 325 191 181 457 
310 271 306 468 15 425 261 149 127 145 
295 423 306 301 159 144 358 432 491 267 
203 25 74 450 223 53 151 103 230 329 
363 491 30 222 296 458 187 324 176 130 
464 190 328 213 442 96 14 470 473 295 
110 368 396 250 240 220 97 146 388 194 
339 279 322 458 377 446 462 360 48 499 
65 216 288 212 358 442 95 189 87 455 
152 8 355 445 308 249 225 176 83 450 
308 93 167 204 47 285 281 273 152 447 
289 231 452 400 38 147 113 96 34 195 
277 262 14 10 463 276 371 170 364 353 
15 216 228 264 86 324 330 193 51 236 
426 480 110 338 19 390 56 199 406 492 
247 355 250 488 285 315 292 207 212 237 
163 9 304 422 430 146 144 120 95 130 
363 447 340 361 283 94 244 213 305 279 
63 379 45 7 207 496 235 405 364 324 
255 367 143 336 349 46 372 225 306 91 
145 442 268 345 31 40 365 499 31 14 
468 456 314 423 408 277 7 494 149 177 
458 257 361 59 415 119 380 349 340 188 
200 265 120 76 8 416 425 231 472 335 
413 440 90 438 353 297 397 289 31 252 
300 443 382 356 109 221 496 489 359 223 
248 299 397 282 42 262 134 250 404 480 
274 16 362 168 292 417 366 90 247 441 
483 459 54 454 417 127 363 398 454 175 
215 167 363 454 349 375 153 272 381 340 
11 153 174 373 202 53 400 132 412 368 
498 127 110 293 496 327 333 96 460 412 
400 69 268 419 393 265 244 15 241 463 
411 421 42 164 449 35 108 272 435 352 
28 277 251 450 165 398 66 354 480 249 
159 157 208 358 402 125 122 12 428 366 
76 47 294 287 129 236 365 249 81 256 
473 129 452 23 433 183 484 86 175 179 
385 473 497 241 383 90 85 194 271 327 
90 53 20 339 372 408 33 284 422 86 
189 210 46 267 198 456 293 428 214 311 
437 418 388 291 401 222 448 174 413 134 
255 118 120 26 338 292 243 269 152 310 
411 209 79 197 146 66 116 474 158 375 
404 200 311 474 89 205 376 378 341 10 
74 156 173 389 185 104 401 205 56 270 
284 85 156 395 396 498 96 73 196 87 
476 108 238 11 180 265 120 258 485 144 
478 5 279 89 419 320 306 360 346 462 
151 487 152 409 373 82 163 368 30 373 
301 210 460 245 391 44 90 136 141 66 
348 477 265 56 454 89 216 300 478 28 
148 357 408 39 480 329 47 185 317 456 
46 122 11 90 117 52 424 248 259 346 
197 388 106 116 292 298 53 216 245 47 
173 215 317 287 175 391 136 151 38 373 
